 1 7827763 7830330 1
 2 9783347 9809166 1
 3 1716729 1735231 0
 4 8900694 8929005 0
 5 6302483 6328499 0
 6 9582808 9610830 0
 7 845549 847589 0
 8 3646356 3662750 0
 9 1688337 1720611 0
 10 1550467 1581052 0
 11 1549284 1581242 1
 12 7581107 7610005 0
 13 6479075 6510531 0
 14 2076141 2108848 1
 15 1711480 1737613 0
 16 9779746 9812409 0
 17 320484 348990 0
 18 7718771 7750504 1
 19 21790 23789 0
 20 1706395 1738512 1
 21 9804026 9834300 1
 22 1625548 1657553 0
 23 1576795 1608640 1
 24 1478706 1480746 1
 25 1574377 1600825 0
 26 8382719 8419937 1
 27 1350481 1376000 0
 28 5898326 5930271 0
 29 2416806 2450437 0
 30 7372281 7389377 0
 31 2404219 2406259 0
 32 9749445 9792530 1
 33 851011 881644 0
 34 9780558 9804254 1
 35 1536730 1538770 1
 36 6502289 6535678 1
