 1 7827757 7830330 1
 2 9789674 9809166 1
 3 1716729 1735231 0
 4 8921373 8945470 0
 5 6302483 6328499 0
 6 9603418 9618172 0
 7 861120 883697 0
 8 3655734 3662750 0
 9 1716729 1748536 0
 10 1638033 1670384 0
 11 1642458 1674440 1
 12 7607258 7610005 0
 13 6484846 6529683 0
 14 2076141 2108848 1
 15 1716729 1737613 0
 16 9795908 9817475 0
 17 137922 140661 1
 18 7748505 7781277 1
 19 21775 23789 0
 20 1717859 1747729 1
 21 9804026 9834300 1
 22 1648492 1679778 0
 23 1605990 1624242 1
 24 1503262 1532330 1
 25 1589123 1621537 0
 26 8414345 8442984 1
 27 1370902 1376000 0
 28 5927081 5940478 0
 29 2439974 2451825 0
 30 7372281 7389377 0
 31 2404219 2406259 0
 32 9763072 9765112 1
 33 876171 881644 0
 34 9789673 9804254 1
 35 1550962 1570783 1
 36 6527584 6557483 1
