 1 7827772 7829762 1
 2 9789674 9795572 1
 3 1716729 1720611 0
 4 8921373 8929005 0
 5 6307406 6309406 0
 6 9608772 9610771 0
 7 861120 879406 0
 8 3655734 3662750 0
 9 1716729 1720611 0
 10 1638033 1654228 0
 11 1642458 1655774 1
 12 7607714 7609713 0
 13 6484847 6506361 0
 14 2106749 2108748 1
 15 1716729 1720611 0
 16 9795901 9817012 0
 17 137922 140242 1
 18 7748505 7750504 1
 19 21790 23789 0
 20 1717859 1747598 1
 21 9804026 9834066 1
 22 1648492 1650491 0
 23 1605990 1624242 1
 24 1503262 1505261 1
 25 1589123 1591122 0
 26 8414345 8419937 1
 27 1370902 1376000 0
 28 5927791 5929791 0
 29 2439974 2451825 0
 30 7378133 7389377 0
 31 2404219 2406259 0
 32 9763072 9765112 1
 33 876171 879839 0
 34 9789673 9795571 1
 35 1550962 1561836 1
